[1 1 1 1; -1 0 1 2; 1 0 1 4; -1 0 1 8]
b = [0 1 0 0 ]'
A = [1 1 1 1 1;-2 -1 0 1 2;4 1 0 1 4;-8 -1 0 1 8; 16 1 0 1 16];
b = [0 0 0 6 0]'

fi